time,x,y,z,phi,theta,psi,x_velocity,y_velocity,z_velocity,phi_velocity,theta_velocity,psi_velocity,rotor_speed1,rotor_speed2,rotor_speed3,rotor_speed4
0.06,-2.45473807893e-07,2.00240702014e-07,10.0026625775,0.000205600270309,0.000243458886251,0.0,-2.14348518319e-05,1.77485979241e-05,0.088749101186,0.00952444822858,0.0111393328557,0.0,433.72799798653944,434.6622966479227,432.0329321942496,432.8350348415416
0.12000000000000001,-1.08884247422e-05,8.27167333216e-06,10.0105803629,0.00134050732536,0.0021391969427,0.0,-0.000478194779778,0.000341237439085,0.175166935713,0.0330739520945,0.0558473139363,0.0,430.51189739714437,434.27793044412573,431.7771750763595,433.7589971150549
0.18,-9.24910030926e-05,6.14449335725e-05,10.0226262807,0.00308473234783,0.00538841163225,0.0,-0.00255487153411,0.00160933825725,0.226353069215,0.0195379922698,0.0505320688835,0.0,421.41235835664764,420.95486299324295,421.7416470465377,420.5713889155036
0.23999999999999996,-0.000348327103209,0.000215255046499,10.0357801342,0.00463378191169,0.00845219291958,0.0,-0.00623238035278,0.00363539181666,0.212109549225,0.0360914884205,0.0521039489963,0.0,398.5353655518084,398.68098100953466,398.78509751039877,400.2942561385119
0.3,-0.000915295799589,0.000541481004529,10.0522311799,0.00717815108412,0.0114084534752,0.0,-0.0129881776569,0.00748971743276,0.33622513312,0.0527263876637,0.0429015441001,0.0,445.2396802353943,444.4877843369596,443.5778891363649,444.9425723061299
0.36000000000000004,-0.00194346876831,0.0011534033427,10.0756402758,0.0106378994446,0.0144290031495,0.0,-0.0215756304545,0.0132505536949,0.444035178681,0.0660513123708,0.06213667795,0.0,439.216701379586,440.81040395035683,438.4955644304605,439.603223841607
0.4200000000000001,-0.00358867036249,0.00221203550244,10.1077870819,0.0147797068878,0.0176339593602,0.0,-0.0336738084826,0.0225002311485,0.62742962514,0.0744035290487,0.0236214314517,0.0,464.6062904366284,461.57868276750304,462.34234921090587,463.0032134938324
0.48000000000000015,-0.00597639941358,0.00388213088928,10.1482857068,0.0188909851801,0.01918524779,0.0,-0.046066928781,0.0336067745465,0.722458607989,0.0529168197757,0.0299836552237,0.0,435.49109491891386,436.02300661849216,436.7549495149195,434.96298458738806
0.5400000000000001,-0.00924198384122,0.0064001719773,10.1996625995,0.022792984674,0.0206073341185,0.0,-0.0629922909435,0.0507816685749,0.989897521753,0.082140509135,0.00657036667035,0.0,488.3461865851064,486.5968649152532,487.0421091290245,489.22512889369267
0.6000000000000002,-0.0134736841203,0.009964997716,10.2632484314,0.0275171777382,0.0210313658231,0.0,-0.0781060997689,0.0685643819791,1.12948777382,0.0708757226167,0.00804281407962,0.0,450.1291563649979,450.24817348469765,451.0701782923585,450.16449297883554
0.6600000000000003,-0.0185922285985,0.0146568533375,10.3337797032,0.0314787583738,0.0219619828899,0.0,-0.092584691123,0.0882443060396,1.22144569749,0.0539441350763,0.0273411781529,0.0,434.6331721785542,436.24732677427517,436.8182600960327,435.40744107239624
0.7200000000000003,-0.0245477777355,0.0205281608073,10.4073674951,0.0351690240374,0.0237682101464,0.0,-0.106087004312,0.107775080184,1.23145496003,0.073448853873,0.0351233841074,0.0,408.34500184488655,409.03893552515393,408.5372320845687,410.2754515338951
0.7800000000000004,-0.031451982834,0.0277967616322,10.485881656,0.0395973827492,0.0257344473127,0.0,-0.124273971625,0.134990543126,1.38548374304,0.0745104376568,0.0275935978837,0.0,455.3458577336896,454.74353609821475,455.82550619444504,455.91442090856987
0.8400000000000004,-0.0394687907795,0.0367649645876,10.5728398385,0.0440153165643,0.0271932761462,0.0,-0.143115514032,0.164413585623,1.51293518985,0.0718163433531,0.0167808167493,0.0,447.9060242632621,447.02594930752366,448.0496311016946,447.8347413744632
0.9000000000000005,-0.048622555564,0.0475554097307,10.6666075126,0.0483935079014,0.0284859864451,0.0,-0.16212549836,0.195703543893,1.61249132335,0.0751812710811,0.0296853305989,0.0,437.91406821112,438.98610941716566,440.1209722329126,440.4035420834369
0.9600000000000005,-0.0590418529035,0.060477748089,10.7696528569,0.0533209487287,0.0299546167764,0.0,-0.185371620076,0.235585153426,1.82200352297,0.0932740296574,0.0112212157547,0.0,474.45548899820864,473.03592980480175,472.10684547037766,473.5055866116484
1.0200000000000005,-0.0708105831085,0.0757781957421,10.8827421534,0.0591939371644,0.0306880582225,0.0,-0.206988441609,0.275024666294,1.94739160081,0.105789565583,0.0141577498811,0.0,448.3505679837899,448.58894835125903,448.1949232326181,449.2189333347314
1.0800000000000005,-0.0839277013357,0.0936417930058,11.004470393,0.0660439793186,0.0316173576481,0.0,-0.230339938881,0.321147245169,2.10987261292,0.127118851689,0.0180247473474,0.0,460.23560669402787,460.5414448288872,459.7814725839693,461.478975605118
1.1400000000000006,-0.0984478250519,0.114388757928,11.1353036475,0.0732377983816,0.0323017408458,0.0,-0.253757718507,0.37120536849,2.25089798885,0.0987778714244,-0.00708436374212,0.0,455.51588723574,453.5035338818579,456.0314623862091,453.7742823518149
1.2000000000000006,-0.11431578329,0.138136366622,11.2725330366,0.0787426369527,0.0319243467944,0.0,-0.275131306853,0.420933024399,2.32321742548,0.071497053215,-0.00474646846348,0.0,434.648727617906,434.84471212314946,434.0277644766471,431.73919951670854
1.2600000000000007,-0.131622313166,0.165374077762,11.4191621243,0.0830138945197,0.0321583878314,0.0,-0.30173950699,0.487470659707,2.56385035396,0.0705618177779,0.0171869441196,0.0,484.5885186418813,486.23436836683686,485.45313989800064,485.38638290787856
1.3200000000000007,-0.150375205582,0.196290924574,11.575239995,0.0870082123159,0.033350556762,0.0,-0.323462347893,0.543476197729,2.63852134452,0.0570826616153,0.0247566313829,0.0,435.4505223952406,436.0832608380291,437.27045978001,436.1494926425937
1.3800000000000008,-0.170542561126,0.230864319916,11.7382998661,0.0906150914492,0.035374150631,0.0,-0.348970283137,0.609318810066,2.79637154659,0.0655751320741,0.0473933499882,0.0,461.8174220109286,463.5998552405845,462.19796542873917,462.86916443302584
1.4400000000000008,-0.192251314854,0.269368730703,11.9097166245,0.0947928654364,0.0382956338488,0.0,-0.374948540346,0.674551676541,2.91714422442,0.0767026932155,0.0511678803126,0.0,452.21591447432127,452.5212690188469,451.5764882765387,452.47677019475645
1.5000000000000009,-0.215579639432,0.311870452545,12.0883026339,0.0991896789669,0.0411953835937,0.0,-0.402965168086,0.742604020889,3.03532885846,0.0653690679358,0.0419449289466,0.0,452.413179053023,451.6713388769543,452.81735627177414,451.9087362025454
1.560000000000001,-0.240722881178,0.358721287884,12.275734917,0.102759641461,0.0435130418508,0.0,-0.435399456177,0.819457860515,3.21184380707,0.0439389347578,0.0309958147295,0.0,471.2546659995646,470.4081910828672,471.4962709192546,469.83988132266967
1.620000000000001,-0.267778293364,0.41005770351,12.4718127093,0.105745195152,0.045650833722,0.0,-0.466644029435,0.892001727274,3.32368955599,0.0594033668668,0.043577058046,0.0,451.7196365865485,452.7336044210828,451.6407845384953,452.88783871536367
1.680000000000001,-0.296896898448,0.466132468194,12.6776007391,0.10983736175,0.0486753074685,0.0,-0.504285637349,0.977530262774,3.53516713571,0.0816645490473,0.0614141480037,0.0,482.6271786621045,483.9729447878957,481.88287750272605,483.56574401088545
1.740000000000001,-0.328299547871,0.527323137984,12.8950116485,0.114264291868,0.0524395417516,0.0,-0.542865172151,1.06261476094,3.71117075513,0.0493001552563,0.0652590420409,0.0,473.9215239674575,474.2195450089291,475.40114555517727,472.9182726428436
1.8000000000000012,-0.361774711105,0.592997456584,13.1167953469,0.117484599536,0.0559000121784,0.0,-0.573292898494,1.12677634118,3.6816307702,0.0612266532859,0.0347641425862,0.0,410.8081001380082,408.0973108343686,410.2667561231613,411.3265406602912
1.8600000000000012,-0.397490377782,0.663330775916,13.3431711332,0.12113410395,0.0580424410867,0.0,-0.617438154311,1.21798949935,3.86350350275,0.0600099383407,0.0375290490598,0.0,477.37826883401635,477.5896762215668,477.0519971759753,476.9614332954923
1.9200000000000013,-0.435600620503,0.738583449622,13.5752665052,0.124835161246,0.0599542566928,0.0,-0.653091283047,1.29072796234,3.87287712083,0.0648373148325,0.0170352095433,0.0,425.01130952534623,423.25142859022185,425.3722609882203,425.7883942871958
1.9800000000000013,-0.476033978056,0.818581719878,13.8104128102,0.130177753087,0.0616547279535,0.0,-0.694813557391,1.3763010744,3.96488025121,0.115794634808,0.0446128567553,0.0,450.45343433086464,452.67841462764017,449.88389083879525,453.99691091864935
2.0400000000000014,-0.51885193042,0.903491136884,14.048507076,0.137142369701,0.064623504429,0.0,-0.732702165372,1.4545950224,3.97140559981,0.116635144583,0.0577679364759,0.0,424.25247194296884,425.38221015013494,425.6654815222046,425.75011225233084
2.1000000000000014,-0.563982562845,0.993182345348,14.2867113584,0.144251330062,0.0678248798836,0.0,-0.771945899776,1.5356933767,3.96856650788,0.121939816096,0.0426261125654,0.0,423.2198551274077,421.91643924074447,422.3548118758364,422.8255088207502
2.1600000000000015,-0.611559400538,1.08793894441,14.5252544515,0.151901567777,0.0704463441957,0.0,-0.814178477831,1.62348657387,3.9826205053,0.136785362904,0.0457395901713,0.0,429.0712899742233,429.3367013326578,427.34096678956325,428.6200211448026
2.2200000000000015,-0.661529387236,1.18769031882,14.7619690971,0.16054330727,0.0729006044589,0.0,-0.851708926691,1.70220672755,3.90793512771,0.155563017307,0.0288635377689,0.0,400.2727479517395,398.734854166601,397.16394251448475,398.9043503860169
2.2800000000000016,-0.713689046084,1.29207798375,14.9928481047,0.169791852307,0.0746508734759,0.0,-0.887101222976,1.77805675777,3.78825021375,0.151142152978,0.0297792796347,0.0,381.9764544838171,382.06418671401775,382.7131493209116,382.3187361271745
2.3400000000000016,-0.768551219796,1.40239479899,15.223767021,0.178846235749,0.0765045341591,0.0,-0.941798279067,1.89999573714,3.90832324286,0.150431247628,0.0330357158686,0.0,462.7011120470443,462.95770841125125,462.29642361783226,462.26087060183806
2.4000000000000017,-0.826332952477,1.5192706123,15.4566856089,0.18764504781,0.078332091626,0.0,-0.984428160244,1.99655248157,3.85556502098,0.137747812093,0.0247329900184,0.0,407.2359718330018,406.4929334857149,408.7545308249522,407.6446653864096
2.4600000000000017,-0.887464295274,1.6438884279,15.695901162,0.195787713162,0.0801606780104,0.0,-1.05341755289,2.15815152901,4.11695439906,0.131295467497,0.0400154065425,0.0,506.0789786672561,507.1780311489181,505.41361633990743,504.96290116803294
2.520000000000002,-0.952504358014,1.77771052894,15.9473079976,0.203794008276,0.0826209574249,0.0,-1.11480275742,2.30325572376,4.26234992978,0.13740801287,0.0429126888129,0.0,474.269414903456,474.4926787484753,474.8169365746991,475.30079615755045
2.580000000000002,-1.02107676338,1.919897122,16.2049466589,0.212615234527,0.0851212733502,0.0,-1.1711674037,2.4369867511,4.32498782724,0.161420879133,0.0390679452143,0.0,450.4996499620554,450.18952677390746,450.7448084940739,452.7008778717165
2.640000000000002,-1.0932356064,2.07065574474,16.4680512388,0.222741849818,0.0871606541691,0.0,-1.23431450084,2.58913900158,4.44421982479,0.180452794173,0.0211643593392,0.0,471.23970064834054,469.85394337568766,468.8203795207188,470.32224678702096
2.700000000000002,-1.16914469463,2.23054277881,16.7373407206,0.233699813103,0.0893906051374,0.0,-1.29613738079,2.74132954989,4.53123232041,0.186664667675,0.0579111555053,0.0,460.43949091871343,463.33839758182336,462.06002685652953,462.5803718292265
2.760000000000002,-1.24889454983,2.39996974474,17.0126116417,0.244529611382,0.0926458580826,0.0,-1.36249090782,2.90714072194,4.64340357682,0.163843256937,0.0457010643373,0.0,472.7451520525327,471.80499896927694,472.1134273278416,470.37811649290416
2.820000000000002,-1.33197547582,2.5776758425,17.2870802195,0.254239728688,0.0952756790358,0.0,-1.40710748567,3.01707793028,4.50575574444,0.157488584664,0.0397999203933,0.0,389.9404181613075,389.3900217808931,390.556992386664,389.99261732017084
2.880000000000002,-1.41847270219,2.7639426483,17.5603123965,0.264580937614,0.0981066262378,0.0,-1.47635157225,3.19256398316,4.60098522043,0.192079579698,0.0589025821931,0.0,468.30477352626383,469.78967883396285,466.5730758473697,469.292117731464
2.940000000000002,-1.50913120201,2.96078211287,17.8386113291,0.276091617217,0.101202453346,0.0,-1.54588553218,3.36961854688,4.67464287231,0.19137140443,0.0300606467083,0.0,465.08732570104047,462.8239574741788,463.9411749150688,463.9197225356835
3.000000000000002,-1.60378452855,3.16781766047,18.1190235077,0.28753798997,0.103153771919,0.0,-1.60937689462,3.53238562085,4.67181390889,0.189550141087,0.0370380263037,0.0,441.3980246686287,441.97396958086364,441.0734295642857,440.95870870592944
3.0600000000000023,-1.70225770717,3.38471908726,18.398925621,0.299093452528,0.105890553825,0.0,-1.67326909611,3.69845636765,4.65765744608,0.198060130389,0.0588088991892,0.0,439.06164263716414,440.86567027267415,437.6106469213272,438.3552272148178
3.1200000000000023,-1.80448954811,3.61140321827,18.6767470377,0.311334941517,0.109209580172,0.0,-1.73474224437,3.85849445007,4.60261356444,0.213856622345,0.0472167972876,0.0,427.13476646156096,426.14700058817897,425.5665696772193,426.9592662242395
3.1800000000000024,-1.91040051234,3.84768152125,18.950628887,0.324110172614,0.112522448095,0.0,-1.79587998406,4.01829530625,4.52639960303,0.210982961959,0.0677060363153,0.0,419.6257384663148,421.4031299338751,419.84298126642096,419.6411713392577
3.2400000000000024,-2.02041177705,4.09477068815,19.2229719959,0.336320744004,0.116453102922,0.0,-1.87148719414,4.21881889253,4.55070206648,0.18120891107,0.0607157417127,0.0,456.12536947987047,455.56971438240754,455.89390872480436,453.5470045936251
3.3000000000000025,-2.13482149169,4.35347424899,19.4949646054,0.347079790663,0.120057910214,0.0,-1.94246227416,4.40527039405,4.51509375019,0.175244001053,0.0587781692919,0.0,437.26944188713867,437.1105842835005,437.7741388023691,437.30901211016055
3.3600000000000025,-2.25312543662,4.62229878631,19.7614184157,0.358373573959,0.123847625088,0.0,-2.00130621224,4.55620510098,4.36669246394,0.206188892701,0.070734375419,0.0,397.3369011212693,398.43513631006954,397.2178989881268,400.0840138774261
3.4200000000000026,-2.37602364204,4.90313439843,20.0264219815,0.37135602557,0.128103918416,0.0,-2.09563050715,4.80570104226,4.46515647381,0.231412374829,0.0713426167137,0.0,483.40780402749823,483.45705331083127,481.84356494258844,483.7884163132114
3.4800000000000026,-2.50426013995,5.19799791658,20.294213693,0.385421778711,0.133217625572,0.0,-2.17928883429,5.02387875712,4.46011662461,0.239857353664,0.104063851258,0.0,452.019190502775,454.65440424938214,452.51688399375234,453.24982810130007
3.5400000000000027,-2.63827146106,5.50798640605,20.5660557327,0.399945222505,0.13986562448,0.0,-2.28829268558,5.30981877662,4.59908675476,0.246121855995,0.121676789583,0.0,500.17870368228665,501.469196929654,502.5725113304948,503.07748195089596
3.6000000000000028,-2.77854499744,5.83419671347,20.8432443591,0.414501382615,0.146766975122,0.0,-2.38805482707,5.56457364513,4.6388571265,0.23444390622,0.0964086731405,0.0,476.4291270102927,474.5033825866174,475.4433307442076,474.60213913255416
3.660000000000003,-2.92435339721,6.17432534792,21.1190855296,0.429641223399,0.152444199066,0.0,-2.47264152603,5.77378170344,4.55497854926,0.274605884989,0.090782926215,0.0,437.1112724306752,436.6498311646419,435.1919216496209,438.6041898889863
3.720000000000003,-3.07534154842,6.52722656428,21.3898427195,0.446737169238,0.157414457592,0.0,-2.56066475424,5.99043877075,4.46923158262,0.30011952854,0.0580101795524,0.0,439.95267559841363,437.23535214932207,437.2787402132374,439.4818614583387
3.780000000000003,-3.23189985463,6.89391908336,21.6565155488,0.464856832359,0.161362766241,0.0,-2.65816392849,6.23352864129,4.41845129302,0.30549406376,0.0780440081166,0.0,453.0818433816931,454.6930871886632,452.7474698748334,453.2707278591339
3.840000000000003,-3.3942018251,7.27494142051,21.9189993414,0.483226806936,0.166058318194,0.0,-2.7521951849,6.46806097145,4.32975705029,0.307474432124,0.078685889236,0.0,443.8151215515441,443.872705018144,442.8292741306773,443.0881114420649
3.900000000000003,-3.56191944795,7.66941161363,22.1744091466,0.502112151487,0.170268784163,0.0,-2.83868745552,6.68178626513,4.18300222676,0.326323537053,0.0418668215325,0.0,426.3822923832141,423.22772464381126,424.295337599765,426.0163150378218
3.960000000000003,-3.73511633275,8.07755670408,22.4220533073,0.521283558597,0.17256256094,0.0,-2.93464806213,6.92387307816,4.07054041215,0.300348061816,0.0297295727636,0.0,441.4919979705124,440.48984581738625,440.6178561743298,438.5692284197911
4.020000000000002,-3.91469080155,8.50210872732,22.665683648,0.539579187713,0.174598096894,0.0,-3.05113760891,7.22842671577,4.04846644365,0.31277641007,0.041216524028,0.0,476.0072704573105,476.88611682785097,474.8092674294032,475.8498934484161
4.080000000000001,-4.10089997906,8.94401853966,22.9058758693,0.557862931432,0.176739310733,0.0,-3.1558843955,7.50248454406,3.95636118157,0.279420055923,0.0213372764373,0.0,456.8429871102611,455.25515754424026,456.6125056007766,454.03351301283493
4.14,-4.29289105465,9.40096891949,23.1378337884,0.574896418867,0.178151375737,0.0,-3.24389079435,7.72975083352,3.7747975782,0.29158188346,0.0276012253288,0.0,424.99981061088386,425.5366235181502,424.61044725724753,425.73824203400284
4.199999999999998,-4.49028363484,9.87198613825,23.3592259187,0.592715793801,0.180000857329,0.0,-3.33592839819,7.97132658818,3.60394492807,0.306038685396,0.0365962779691,0.0,430.8677224092423,431.6281268416002,431.4786034737113,432.789800737922
4.259999999999997,-4.69345325708,10.3583364686,23.5712477202,0.610715342082,0.182319176272,0.0,-3.43643676545,8.24073722625,3.46206488168,0.283826686541,0.0424380295779,0.0,445.36867417634875,445.84709771773714,447.0520120341944,445.32846160990636
4.319999999999996,-4.90280248399,10.8613497465,23.775094214,0.627889582724,0.185168706378,0.0,-3.54191988483,8.52656200604,3.33131746628,0.290658504632,0.056052810765,0.0,453.28653974783936,454.380970911703,453.4342110325915,454.0640555207104
4.379999999999995,-5.11863427062,11.3819891369,23.9713928447,0.645964660338,0.188097743996,0.0,-3.65251670115,8.82817691168,3.21021392893,0.316728392811,0.0276113742907,0.0,462.14426825292446,459.8975241918846,461.03153528035483,463.1748071412912
4.439999999999993,-5.34130924607,11.9214097365,24.1609370284,0.665288549544,0.189909053848,0.0,-3.76985398424,9.1525405845,3.10581343964,0.331011252285,0.0348992975389,0.0,472.9656932144806,473.52707689036293,471.5722762279511,472.7736799946188
4.499999999999992,-5.57067096673,12.4792372693,24.342447127,0.684758375797,0.192046166451,0.0,-3.87548489587,9.44181023224,2.94281055558,0.306512918531,0.0370192670662,0.0,455.2977959939299,455.4679597446337,456.0471585026765,454.1897032633702
4.559999999999991,-5.80656258324,13.0550857072,24.5146374574,0.703156081142,0.194926782739,0.0,-3.98750764416,9.75297448362,2.79499201038,0.306857830563,0.0639450051666,0.0,464.5558468964899,466.6643390965802,466.1750896798656,466.29312873714105
4.6199999999999894,-6.04957637049,13.6508958345,24.6791393006,0.721677695016,0.19909169128,0.0,-4.11289751444,10.1068648176,2.68595776328,0.312124551497,0.0785683711122,0.0,485.04100623089766,486.14153269661017,487.06906523440506,487.55090725492335
4.679999999999988,-6.29890107664,14.2638915187,24.8321569864,0.740384901827,0.203422390116,0.0,-4.19808231181,10.3264173388,2.41378286326,0.311104396651,0.0546323941971,0.0,425.0409498763545,422.9878070159846,424.55910517456226,424.5758067004377
4.739999999999987,-6.5546347222,14.8942375751,24.9731971086,0.759184136132,0.206938341207,0.0,-4.32620870854,10.6844039393,2.28506420059,0.317410219057,0.0655385140542,0.0,488.43591809138223,489.2509353425474,487.9371916606873,488.4984358997545
4.799999999999986,-6.81737288168,15.543775241,25.1037737492,0.778279436436,0.211352269047,0.0,-4.43171743692,10.9664438403,2.06583747083,0.319888840516,0.0860915745406,0.0,456.708960475413,458.3499447985459,456.95521454686417,457.2533311742098
4.859999999999984,-7.08704785264,16.2121260001,25.2228562073,0.797187564606,0.216721915146,0.0,-4.55736353847,11.3109935247,1.9011456849,0.303390095946,0.09554934717,0.0,485.2419524708111,485.95761460237514,486.61746040162154,485.47218932392514
4.919999999999983,-7.36397428123,16.9000712504,25.3307199093,0.815011682343,0.223090599578,0.0,-4.67351095876,11.6196337471,1.69236148464,0.279846311956,0.121645818627,0.0,472.3227506449414,474.3407749705441,474.6679977432906,472.9400535916018
4.979999999999982,-7.64749059859,17.6051220542,25.4245276731,0.831615575087,0.230089275081,0.0,-4.77713119365,11.881325157,1.43323930973,0.269652126444,0.104082551925,0.0,457.64384090674,456.2546753455,455.9791163138023,455.2389445927026
5.0399999999999805,-7.93682114578,18.3244057294,25.5013355304,0.847833762442,0.236664907589,0.0,-4.86733810893,12.0943306469,1.12628327966,0.271571446682,0.118802291315,0.0,436.2905712713522,437.52915663430434,437.323271962319,437.55823271751245
